733
84435
54840
71769
44538
82321
56319
81251
24312
64030
46036
95582
90288
7443
44602
94866
71622
50622
55239
554
68618
24890
42023
84935
23105
86943
29597
8858
15161
83269
38299
25147
15984
33952
50499
40434
90901
71421
84023
16907
12715
93341
83192
7807
2175
61198
69998
18642
25267
16187
84451
64184
52041
3343
66816
66280
74922
65610
20557
68675
28997
25392
47879
31665
8648
78051
3272
82198
52008
8862
33389
43944
78728
34919
72477
24627
73304
14965
14393
98024
68078
44935
15282
82688
54235
22599
21991
84736
95650
33164
88713
81141
28987
59544
11827
70805
82745
39015
58493
73881
83089
94822
75035
7652
75330
78557
4643
34089
86952
37446
13930
56558
14503
92594
56844
48351
29122
87170
59354
58222
82417
88969
20040
85867
12243
66283
9001
19504
29614
73794
1248
24245
16840
25784
61040
36280
69701
95285
80539
34316
67677
35308
60765
12880
35709
95718
45061
80481
84215
40669
1763
78313
28426
49415
76915
51237
91024
29189
94166
91530
14654
82339
49765
61274
26334
14254
15664
42513
99413
13611
64754
81040
35244
26584
54710
34190
29113
6709
11245
77571
3265
80629
88625
27930
494
55180
83277
20378
63742
58505
61274
97717
86310
62661
78698
24562
87351
88231
92695
88586
5954
24649
88649
36377
32315
247
61669
65849
27178
44370
59707
98866
33167
23914
85834
25726
71252
74733
30965
96598
73297
62865
1795
77147
40493
46654
24482
47889
26751
44780
75497
9576
85138
69236
57666
59193
45209
55293
98266
55157
50149
78885
19763
40820
50806
77122
6113
46131
2866
41902
38185
49546
78945
35181
46353
66341
44402
44985
5131
5312
39358
86306
32019
41677
53045
88903
69973
6362
69449
80794
66956
49883
46730
52303
70296
6068
16084
94047
1715
65720
36361
37806
88574
25730
57219
98308
28056
16133
57915
45727
55424
13157
38579
36023
59432
91503
72060
21908
33314
92818
85078
39199
64622
46365
46898
35174
10800
14590
19225
71030
25629
65245
62285
56943
32040
33027
93368
48288
35066
11489
42931
14865
1927
76302
60771
19006
90153
27371
65687
63998
22311
81878
63715
86967
67352
57278
34316
26368
1794
22856
91235
5461
74414
51007
26919
20959
10048
39227
26693
64096
44806
87972
78545
95508
5722
67999
91805
35865
87609
53933
92896
86503
93467
65874
43818
96958
37367
98523
50502
16130
88145
92102
56029
74422
8276
42117
85738
81799
78517
82812
10424
31893
18599
4543
28161
83054
46871
93501
31992
61153
27154
31417
67513
34418
49999
74097
1437
94882
75781
26958
3733
53320
16583
48451
78976
42878
40687
24348
41393
86284
20970
17171
52562
43011
84041
89178
73367
74946
37384
47709
30451
43761
27460
43485
47926
21295
67807
97491
31544
20054
58546
34664
87084
91765
97610
74747
46614
47476
94189
92203
94923
51958
16665
51401
86949
59616
20724
60807
34423
72785
31378
90946
95703
93315
18991
42402
92764
24028
49377
62530
63728
36475
64777
12182
13797
27748
48889
52658
68363
14895
98582
68974
38999
14238
73899
64380
11419
28191
28657
99955
92335
80286
9263
42415
56472
17911
57650
98470
63017
72506
5344
35317
30576
36746
15417
95829
96343
21217
8427
59640
4096
96401
57174
78536
573
46543
18051
59203
86519
75054
82380
14376
85060
22372
76470
87463
42430
26270
18486
8696
46999
61850
14880
86718
23513
1085
17745
68418
88791
35480
25626
61498
66650
32386
84849
34658
98612
52796
60945
63965
7490
20712
27814
52011
69514
55464
15311
13485
32911
80454
49812
55177
77393
58545
76061
40656
36182
79736
41569
82960
35416
6725
83403
15167
37793
81367
26275
18240
10580
17354
14672
11270
12787
4770
73532
15966
63442
62659
52483
28821
18616
67067
48306
52533
29762
88580
87959
91349
49742
50967
19690
25582
34555
27800
99260
11377
92406
69037
53765
248
33077
35293
49231
26303
485
2904
61996
84480
8018
64879
75749
46148
30462
97340
59617
56905
97839
54519
75300
94479
66031
67477
36562
3328
17178
13418
56715
18157
27252
22882
53565
46962
35490
45662
92796
89877
84740
33786
96722
5535
66060
36475
64467
15688
61720
22707
71817
14003
14030
37049
18092
81685
25306
82855
36225
74139
47622
17854
68364
71451
52933
6153
37685
40259
62140
72467
64239
93631
24733
14525
61420
39770
70247
47596
97354
60142
97896
34612
13066
99701
12237
59046
97990
73172
85899
16789
12675
23142
7854
17212
52243
94038
892
80585
43039
90211
21069
59875
95806
26579
1092
26034
75911
32910
27646
65835
67735
35404
22343
92867
44554
94197
88354
49697
62386
37362
97257
2523
92723
71816
64890
73592
85286
18453
11079
67207
12783
21009
55663
29750
39642
42785
49058
37920
