242
35700
41640
88627
30231
37538
67851
20134
19788
76278
65358
90380
26783
7268
20019
97703
27810
35589
64961
89874
57624
79021
85300
94518
36022
88431
41055
77828
80701
39690
65618
21659
44726
62968
59696
56783
60470
29674
6060
36749
73000
44292
79175
89472
99917
55873
13406
6745
13719
63930
86776
24998
92993
65198
64616
83748
45424
29032
6380
71472
78464
63860
12723
48234
38242
74180
8676
35772
85648
96507
9732
49654
37569
22786
72365
5085
58714
76011
60981
48462
11795
54722
53453
57052
67134
70289
46413
14249
3060
66805
41353
50854
60471
53288
84532
4724
20598
14792
26091
5435
39452
28059
99048
4947
81899
60297
71835
79158
53219
11864
56179
99606
11783
91218
225
45503
81847
12003
20498
27096
35545
22606
75663
10028
40589
4227
10513
60295
85735
94623
88925
71837
4630
92538
89544
75770
8288
46522
42156
79337
40799
49342
79153
14850
17306
65399
42137
23313
76406
38227
93429
23416
27737
17807
20421
76290
70189
61114
96666
91268
85125
26743
30804
78191
78349
38948
77653
25250
65848
99787
42899
46678
77069
56514
72305
75746
7155
14998
27644
22181
75586
4806
24673
10834
21464
25717
17060
65800
35331
97760
64727
31832
80436
3821
3363
41552
27477
55623
80780
5695
43172
1002
67330
64878
1009
90566
98894
50983
29763
36341
36374
58973
39640
78533
29249
16811
50569
40384
38631
36706
64613
48701
65553
14100
79328
86812
842
59362
56622
1450
87724
21496
30003
8665
19156
2596
59165
50247
54440
25142
39688
66027
79046
