404
848
30516
37267
91953
99982
77891
25968
52560
82829
11050
63671
72575
97959
15473
66841
57301
32289
14220
99000
54354
90575
12225
7852
84374
74047
33684
68026
91763
16901
5912
89595
78719
37517
57755
42680
37070
7181
76218
79480
55540
18647
97915
30644
71257
28212
58859
72837
60397
82865
14694
4813
79888
49456
48036
28462
83503
13526
4854
79358
40288
49569
26739
23366
9553
98621
99670
55167
73695
67898
67295
94351
46806
6695
29011
82549
11128
41214
82116
8740
14468
87857
13931
26465
63291
7152
7628
7631
18914
21527
35199
80927
27840
20990
33409
69267
76376
10941
44092
69520
27359
322
90779
94676
33072
54774
15556
19670
5294
70873
25546
92372
19368
46382
81085
22663
30944
94869
26715
94257
42222
34782
17681
58864
17795
30996
5554
43632
46966
21399
7614
39112
72257
46586
37799
29926
60791
14976
9297
71484
70336
48013
71346
6520
59504
15258
92540
51440
99658
77053
27793
33323
89570
67849
6472
51715
71286
6492
7355
82673
33868
24570
6481
57517
44199
29518
57333
76264
98479
86777
75122
98346
22381
84649
22384
29617
4546
40799
35565
98417
32276
88334
87902
76582
78996
80946
17586
74329
76091
9216
14023
23681
76037
75217
88558
4330
39840
98573
56617
65219
65410
85345
3299
19251
17206
49264
55191
19164
85353
94027
52483
88498
27122
47433
87272
37628
75871
60708
95014
13800
50355
36913
20199
72710
79616
79683
79359
31958
76222
12065
93067
54336
3910
91759
33911
85654
58440
87010
12106
60352
67270
60895
34019
35031
10839
59475
46087
30060
56715
6710
83147
57279
55855
13153
15315
42754
78726
34586
60461
37184
73047
55792
77008
32692
21184
13925
41036
69131
23266
70038
2393
99263
33065
72791
42171
93856
86054
68660
49589
95981
37834
30529
26840
32648
23916
75757
16252
83070
1763
63095
11144
10178
13726
99260
65383
2344
48594
16324
75746
24786
67060
2721
16469
31777
23127
87780
14920
43997
81028
91017
81076
65254
39084
13939
88780
55115
28863
23914
51153
62004
95346
24590
10734
16502
65352
50036
54588
20836
34193
99010
12982
26406
30546
93899
68574
68579
97500
25537
5680
4363
27468
88913
58401
32947
30424
11028
52387
64926
9200
48339
48653
95137
29027
4731
20504
67063
31672
72442
48462
29252
79453
68163
95834
97478
29555
86842
48087
71890
9630
89520
98787
66281
2042
3742
69002
18048
22940
31192
71376
31228
97190
11085
47514
65109
87545
15862
12214
62708
46159
6108
73181
44531
74169
72640
84045
23556
60855
64379
97295
82329
98615
80248
61696
56644
97646
