146
22029
70635
48609
99664
68365
39299
42370
30030
95087
59798
25780
42963
74295
12980
50877
71621
55595
67147
43939
49543
61878
97894
80274
82017
51609
17482
54179
48867
98302
26811
90778
95277
44596
77864
18007
41532
47517
60990
78023
2561
37154
29505
71624
34161
35730
81869
23329
98605
63138
19987
98289
66005
66083
87187
19429
68735
13395
88749
2291
65202
3209
57602
47396
8417
81737
71955
48567
26472
8311
71489
64371
6721
528
57825
38180
47396
30873
59986
33308
81283
28414
3406
56695
82930
25160
76345
8868
51116
67589
2310
45813
58073
18947
22882
66309
93211
84379
45347
6322
98135
27844
29279
78084
18143
19571
417
54127
24876
16381
68311
31236
50033
42569
37885
64250
40491
31646
19195
24614
78101
40405
94036
67633
49784
9871
69339
15307
80477
21470
89773
58741
52349
88053
69405
28443
8751
31328
96910
66159
95867
30024
57247
27774
28077
22415
78255
