402
93
26
48
21
95
47
58
78
42
65
91
38
40
2
89
97
6
92
99
32
70
16
71
85
78
2
15
19
12
71
76
22
41
64
59
71
69
86
87
32
11
50
71
6
16
9
60
79
33
96
46
32
20
6
74
67
30
61
35
40
96
56
98
9
71
63
67
62
45
16
31
86
46
93
18
99
80
99
83
46
68
21
99
26
48
55
64
37
79
40
41
13
68
21
20
11
65
75
8
50
47
90
52
27
80
97
33
2
25
24
62
31
63
47
11
86
55
1
90
92
33
98
89
41
53
23
20
34
12
79
59
24
29
96
86
96
88
50
66
91
40
84
89
9
94
96
61
99
58
94
8
94
34
5
7
13
21
94
57
88
54
86
10
28
16
62
78
66
3
55
88
15
2
56
82
22
16
23
83
56
55
59
75
93
10
88
3
87
64
55
100
85
63
15
82
15
34
82
9
84
62
48
18
37
20
81
90
35
95
36
78
53
85
38
59
68
10
97
42
62
61
97
42
18
36
50
85
46
54
54
87
83
65
44
3
92
90
7
69
36
4
84
42
77
62
52
10
63
55
71
57
68
15
91
29
34
89
18
43
4
17
61
65
48
87
87
14
73
55
66
77
58
7
82
71
36
55
55
28
15
20
67
4
97
61
52
11
68
25
86
23
41
19
72
12
90
78
77
24
59
34
61
31
87
18
63
38
8
81
45
30
93
43
15
63
99
57
74
94
26
87
26
32
46
38
4
78
90
13
70
65
87
11
100
100
37
96
94
41
79
44
7
75
22
79
7
68
17
36
87
22
69
97
49
85
59
88
94
15
94
96
70
3
31
53
65
47
79
40
21
35
35
62
35
9
99
82
22
43
78
95
38
65
86
60
88
53
90
96
89
94
53
50
19
7
64
61
50
22
100
61
92
