866
27
14
65
74
79
94
2
79
78
44
97
12
34
79
79
83
12
8
32
64
35
69
89
59
16
96
53
24
90
3
63
6
100
27
56
66
37
67
10
53
98
99
41
77
85
34
6
52
38
18
3
59
77
96
30
95
35
9
25
15
60
32
35
35
39
13
28
76
11
72
59
83
17
89
41
89
54
58
25
72
14
76
74
59
22
99
27
83
6
64
71
24
44
84
6
79
41
85
78
72
15
66
83
14
70
99
63
62
83
37
21
22
38
5
29
25
62
69
53
49
35
53
72
61
83
58
91
14
94
94
10
57
70
12
64
19
98
6
94
61
29
24
35
10
89
4
8
21
59
67
47
38
89
83
78
51
71
39
30
56
26
69
52
67
20
48
50
67
96
9
58
71
94
25
36
49
31
76
25
54
75
59
15
48
7
67
50
57
32
51
19
46
57
11
72
26
80
57
99
69
35
57
82
26
87
46
47
85
58
88
83
56
2
35
12
51
84
83
45
17
64
91
31
12
76
15
28
5
47
14
42
3
26
14
27
28
24
9
61
20
99
51
52
90
30
87
100
19
66
93
64
77
3
19
52
43
100
17
50
26
69
10
15
8
27
64
48
90
37
82
89
42
60
14
55
22
86
10
58
84
30
45
41
10
81
97
66
32
79
67
80
72
88
20
73
96
27
5
38
60
90
58
85
70
64
46
35
100
30
3
41
6
90
25
99
41
36
43
27
96
11
2
86
33
10
28
13
34
64
52
10
48
13
49
22
16
35
76
10
10
10
39
92
66
21
58
27
98
16
70
16
30
45
90
70
82
67
82
33
29
89
51
76
73
70
24
80
19
34
55
68
83
60
24
58
91
50
74
19
18
38
54
34
14
63
46
28
31
93
78
60
84
73
76
50
19
99
11
78
29
51
94
9
39
90
33
58
10
96
7
100
83
44
67
12
87
31
13
30
62
67
12
86
74
51
34
33
51
74
8
87
3
58
83
11
76
44
66
13
90
76
9
3
4
16
31
72
4
52
57
82
70
7
12
52
14
95
75
99
41
79
79
61
20
100
81
66
52
35
73
93
67
26
68
97
36
14
43
15
14
50
74
73
17
3
58
64
86
33
29
80
81
55
95
99
49
42
46
16
74
79
68
80
75
6
41
51
93
43
75
8
55
37
94
8
36
46
49
79
73
29
44
48
79
1
37
81
11
95
76
35
46
8
91
64
54
70
98
88
26
80
59
9
96
24
55
91
75
19
11
88
11
5
2
40
59
23
9
38
58
80
77
32
99
76
81
100
21
77
40
2
41
8
85
40
40
61
16
80
36
92
18
66
77
61
80
68
63
50
94
53
95
80
93
38
55
21
51
43
75
28
68
29
73
67
99
94
33
85
41
59
86
19
65
18
4
64
22
39
15
84
15
31
3
60
85
20
15
2
89
16
75
33
100
66
92
86
22
77
19
68
95
91
34
68
91
52
60
47
77
3
56
75
66
51
100
36
42
97
56
56
45
47
52
87
95
29
11
92
25
54
45
70
48
35
25
35
87
62
33
88
55
61
38
50
96
25
13
17
21
66
13
56
64
46
78
47
65
98
65
47
11
74
91
9
94
91
20
54
96
12
85
71
28
36
89
66
45
18
52
94
16
53
17
9
25
74
3
74
55
38
89
81
90
63
77
17
76
48
87
80
23
1
98
60
58
29
16
6
68
70
98
81
4
90
99
21
61
16
65
36
81
90
21
100
79
52
20
35
58
38
70
8
6
29
78
78
3
43
3
76
63
11
53
50
78
20
45
7
86
82
53
80
4
68
88
23
88
1
78
19
73
54
55
56
19
89
11
39
77
81
59
84
92
20
46
26
88
89
54
6
5
93
47
62
37
44
64
43
97
37
30
55
29
39
37
9
40
80
92
63
2
56
37
42
8
2
74
74
30
5
37
5
74
93
87
93
99
19
84
69
86
22
30
38
72
